<?xml version="1.0"?>
<opencv_storage>
<opencv_lbphfaces>
  <threshold>1.7976931348623157e+308</threshold>
  <radius>1</radius>
  <neighbors>8</neighbors>
  <grid_x>8</grid_x>
  <grid_y>8</grid_y>
  <histograms>
    <_ type_id="opencv-matrix">
      <rows>1</rows>
      <cols>16384</cols>
      <dt>f</dt>
      <data>
        9.56632663e-04 2.23214272e-03 0. 0. 2.23214272e-03
        3.18877544e-04 3.18877544e-04 3.34821418e-02 0. 0. 0. 0.
        6.37755089e-04 0. 6.37755089e-04 1.02040814e-02 1.91326533e-03
        6.37755089e-04 0. 0. 3.82653065e-03 0. 0. 5.10204071e-03 0. 0.
        0. 0. 1.75382644e-02 3.18877544e-04 1.02040814e-02
        5.77168353e-02 0. 0. 0. 0. 0. 0. 0. 0. 0. 0. 0. 0. 0. 0. 0. 0.
        3.18877544e-04 0. 0. 0. 0. 0. 0. 0. 9.56632663e-04 0. 0. 0.
        1.05229588e-02 3.18877544e-04 2.23214272e-03 4.46428545e-03
        3.18877539e-03 6.37755089e-04 0. 0. 3.18877544e-04 0. 0.
        3.18877544e-04 0. 0. 0. 0. 0. 0. 0. 3.18877544e-04
        1.27551018e-03 0. 0. 0. 9.56632663e-04 0. 0. 6.37755089e-04 0.
        0. 0. 0. 2.55102036e-03 0. 3.18877544e-04 3.82653065e-03 0. 0.
        0. 0. 0. 0. 0. 0. 0. 0. 0. 0. 0. 0. 0. 0. 1.27551015e-02
        3.18877544e-04 0. 0. 2.23214272e-03 0. 0. 6.37755089e-04
        7.33418344e-03 0. 0. 0. 4.27295901e-02 9.56632663e-04
        4.46428545e-03 1.56250000e-02 0. 0. 0. 7.97193870e-03 0. 0. 0.
        8.76913220e-02 0. 0. 0. 0. 0. 0. 0. 1.11607136e-02 0. 0. 0. 0.
        0. 0. 0. 1.27551018e-03 0. 0. 0. 0. 0. 0. 0. 1.02040814e-02 0.
        0. 0. 0. 0. 0. 0. 0. 0. 0. 0. 0. 0. 0. 0. 0. 0. 0. 0. 0. 0. 0.
        0. 0. 0. 0. 0. 0. 0. 0. 0. 6.37755089e-04 3.18877544e-04
        2.99744885e-02 0. 6.63265288e-02 0. 3.18877544e-04 0.
        1.50510207e-01 0. 0. 0. 0. 0. 0. 0. 9.88520402e-03 0.
        2.55102036e-03 0. 3.18877544e-04 0. 0. 0. 6.05867337e-03 0. 0.
        0. 0. 0. 9.56632663e-04 0. 3.28443870e-02 1.27551018e-03
        3.28443870e-02 0. 2.04081628e-02 0. 3.18877544e-04 0.
        1.27551015e-02 0. 0. 0. 0. 0. 0. 0. 6.37755089e-04
        1.33928573e-02 5.48469387e-02 0. 9.24744923e-03 6.37755089e-04
        1.59438769e-03 0. 2.13647950e-02 5.42091811e-03 5.73979598e-03
        0. 2.55102036e-03 5.10204071e-03 8.92857090e-03 0.
        1.15433671e-01 9.56632663e-04 3.18877539e-03 0. 0.
        2.23214272e-03 2.23214272e-03 3.18877544e-04 1.30739789e-02 0.
        0. 0. 0. 6.37755089e-04 0. 0. 4.14540805e-03 2.55102036e-03
        6.37755089e-04 0. 0. 0. 6.37755089e-04 0. 6.37755089e-04 0. 0.
        0. 0. 1.75382644e-02 9.56632663e-04 6.69642864e-03
        1.65816322e-02 0. 0. 0. 0. 0. 0. 0. 0. 0. 0. 0. 0. 0. 0. 0. 0.
        3.18877544e-04 0. 0. 0. 0. 0. 0. 0. 2.23214272e-03
        3.18877544e-04 0. 0. 7.17474446e-02 3.18877544e-04
        9.88520402e-03 3.18877539e-03 3.50765302e-03 0. 0. 0.
        2.23214272e-03 6.37755089e-04 3.18877544e-04 0. 0. 0. 0. 0. 0.
        0. 0. 0. 0. 0. 0. 0. 3.18877544e-04 0. 0. 3.18877544e-04 0. 0.
        0. 0. 3.18877544e-04 3.18877544e-04 0. 6.37755089e-04
        3.18877544e-04 0. 0. 0. 3.18877544e-04 0. 0. 0. 0. 0. 0. 0. 0.
        0. 0. 0. 1.49872443e-02 9.56632663e-04 0. 0. 1.27551018e-03
        3.18877544e-04 0. 3.18877544e-04 3.18877548e-02 3.18877544e-04
        0. 0. 6.25000000e-02 3.18877544e-04 2.55102036e-03
        3.18877539e-03 0. 1.59438769e-03 0. 9.56632663e-03 0.
        3.18877544e-04 0. 7.84438774e-02 0. 0. 0. 0. 0. 0. 0.
        8.60969350e-03 0. 0. 0. 6.37755089e-04 0. 0. 0. 9.56632663e-04
        0. 0. 0. 0. 0. 0. 0. 5.73979598e-03 0. 0. 0. 0. 0. 0. 0. 0. 0.
        0. 0. 0. 0. 0. 0. 0. 0. 0. 0. 0. 0. 0. 0. 0. 0. 0. 0. 0. 0. 0.
        0. 6.37755089e-04 9.56632663e-04 3.09311226e-02 0.
        6.82397932e-02 0. 2.86989799e-03 0. 1.74107134e-01 0. 0. 0. 0.
        0. 0. 0. 5.73979598e-03 0. 1.59438769e-03 0. 6.37755089e-04 0.
        3.18877544e-04 0. 1.59438769e-03 0. 0. 0. 0. 0. 1.27551018e-03
        0. 9.56632663e-03 4.78316331e-03 7.14285672e-02 0.
        1.72193870e-02 6.37755089e-04 6.37755089e-04 0. 1.40306121e-02
        0. 0. 0. 0. 0. 0. 0. 0. 1.97704080e-02 6.12244904e-02 0.
        7.33418344e-03 6.37755089e-04 1.91326533e-03 0. 1.37117347e-02
        5.73979598e-03 4.46428545e-03 0. 3.18877544e-04 8.29081610e-03
        2.10459176e-02 6.37755089e-04 5.29336706e-02 1.91326533e-03
        2.23214272e-03 0. 6.37755089e-04 1.27551018e-03 6.37755089e-04
        6.37755089e-04 1.11607136e-02 0. 0. 0. 0. 0. 3.18877544e-04
        1.59438769e-03 1.02040814e-02 2.23214272e-03 1.91326533e-03 0.
        0. 1.27551018e-03 9.56632663e-04 0. 1.27551018e-03 0. 0. 0. 0.
        2.23214272e-02 1.59438769e-03 1.88137759e-02 4.49617356e-02 0.
        0. 0. 0. 0. 0. 0. 0. 0. 0. 0. 0. 0. 0. 0. 0. 6.37755089e-04 0.
        0. 0. 3.18877544e-04 0. 0. 0. 3.50765302e-03 0. 0. 0.
        4.01785709e-02 0. 1.72193870e-02 7.65306130e-03 1.59438769e-03
        3.18877544e-04 0. 0. 9.56632663e-04 0. 0. 3.18877544e-04 0. 0.
        0. 0. 0. 0. 0. 0. 0. 3.18877544e-04 0. 0. 0. 0. 0. 0. 0. 0. 0.
        0. 6.37755089e-04 6.37755089e-04 3.18877544e-04 6.37755089e-04
        0. 0. 0. 0. 0. 0. 0. 0. 0. 0. 0. 0. 0. 0. 0. 0. 1.75382644e-02
        6.37755089e-04 0. 0. 2.55102036e-03 0. 0. 6.37755089e-04
        3.02933659e-02 0. 0. 0. 5.70790805e-02 6.37755089e-04
        8.60969350e-03 8.60969350e-03 0. 0. 0. 4.46428545e-03 0. 0. 0.
        2.35969387e-02 0. 0. 0. 0. 0. 0. 0. 4.14540805e-03 0.
        6.37755089e-04 0. 0. 0. 0. 0. 0. 0. 0. 0. 0. 0. 0. 0.
        2.55102036e-03 0. 0. 0. 0. 0. 0. 0. 0. 0. 0. 0. 0. 0. 0. 0. 0.
        0. 0. 0. 0. 0. 0. 0. 0. 0. 0. 0. 3.18877544e-04 0. 0. 0.
        9.56632663e-04 6.37755089e-04 5.35714291e-02 0. 9.40688774e-02
        3.18877544e-04 2.55102036e-03 0. 7.65306130e-02 0. 0. 0. 0. 0.
        0. 0. 4.78316331e-03 0. 1.91326533e-03 0. 6.37755089e-04 0.
        6.37755089e-04 0. 1.59438769e-03 0. 0. 0. 0. 0. 1.91326533e-03
        0. 9.56632663e-03 3.18877539e-03 1.07780613e-01 0.
        5.22959158e-02 3.18877544e-04 0. 0. 2.10459176e-02 0. 0. 0. 0.
        0. 0. 0. 9.56632663e-04 2.10459176e-02 6.88775480e-02 0.
        9.56632663e-03 3.18877544e-04 2.86989799e-03 0. 1.49872443e-02
        7.97193870e-03 2.55102036e-03 0. 4.14540805e-03 8.60969350e-03
        9.56632663e-03 3.18877544e-04 5.03826514e-02 1.27551018e-03
        2.55102036e-03 0. 0. 1.27551018e-03 9.56632663e-04 0.
        7.97193870e-03 0. 0. 0. 0. 0. 0. 3.18877544e-04 2.23214272e-03
        9.56632663e-04 9.56632663e-04 0. 0. 1.91326533e-03
        1.27551018e-03 0. 1.27551018e-03 0. 0. 0. 0. 1.14795920e-02
        9.56632663e-04 1.91326533e-03 1.30739789e-02 0. 0. 0. 0. 0. 0.
        0. 0. 0. 0. 0. 0. 0. 0. 0. 0. 3.18877544e-04 0. 0. 0. 0. 0. 0.
        0. 2.23214272e-03 0. 0. 0. 2.04081628e-02 0. 7.97193870e-03
        3.18877539e-03 4.14540805e-03 6.37755089e-04 0. 0.
        3.82653065e-03 6.37755089e-04 0. 3.18877544e-04 0. 0. 0. 0. 0.
        0. 0. 0. 2.23214272e-03 3.18877544e-04 0. 0. 3.18877539e-03
        6.37755089e-04 0. 0. 0. 0. 0. 0. 9.56632663e-04 3.18877544e-04
        0. 9.56632663e-04 3.18877544e-04 0. 0. 0. 0. 0. 0. 0. 0. 0. 0.
        0. 0. 0. 0. 0. 1.40306121e-02 6.37755089e-04 0. 0.
        2.23214272e-03 6.37755089e-04 3.18877544e-04 3.18877544e-04
        2.00892854e-02 0. 0. 0. 3.57142836e-02 3.18877544e-04
        1.91326533e-03 5.73979598e-03 0. 0. 0. 0. 0. 0. 0.
        8.60969350e-03 0. 0. 0. 0. 0. 0. 0. 1.27551018e-03 0. 0. 0. 0.
        3.18877544e-04 0. 0. 1.27551018e-03 0. 0. 0. 0. 0. 0. 0.
        3.82653065e-03 0. 0. 0. 0. 0. 0. 0. 0. 0. 0. 0. 0. 0. 0. 0. 0.
        0. 0. 0. 0. 0. 0. 0. 0. 0. 0. 0. 0. 0. 0. 0. 3.18877544e-04
        3.18877544e-04 5.96300997e-02 0. 1.58163264e-01 6.37755089e-04
        3.82653065e-03 0. 1.33928567e-01 0. 0. 0. 0. 0. 0. 0.
        3.50765302e-03 0. 3.50765302e-03 0. 6.37755089e-04 0.
        6.37755077e-03 0. 5.10204071e-03 0. 0. 0. 0. 0. 1.59438769e-03
        0. 1.43494895e-02 3.82653065e-03 5.38903065e-02 0.
